8.101620324064813528e-03,2.990598119623924869e-02,6.511302260452089818e-02,1.180236047209441974e-01,1.465293058611722432e-01,2.469493898779756003e-01,3.853770754150830369e-01
5.969403059694029789e-02,7.329267073292670964e-02,9.499050094990500737e-02,9.359064093590639677e-02,1.397860213978601995e-01,6.239376062393760247e-02,4.762523747625237447e-01
9.629999999999999671e-02,1.234999999999999848e-01,1.628000000000000003e-01,1.098999999999999838e-01,1.112999999999999962e-01,7.869999999999999218e-02,3.174999999999999489e-01
5.429999999999999410e-02,9.500000000000000111e-02,1.289000000000000146e-01,1.464999999999999913e-01,1.710000000000000131e-01,1.506000000000000116e-01,2.537000000000000366e-01
1.399860013998600406e-03,1.359864013598640307e-02,4.479552044795521298e-02,7.729227077292272208e-02,1.247875212478752327e-01,2.808719128087191486e-01,4.572542745725427515e-01
0.000000000000000000e+00,1.360000000000000098e-02,3.799999999999999906e-02,6.509999999999999121e-02,1.315999999999999948e-01,2.523999999999999577e-01,4.993000000000000216e-01
4.099999999999999478e-03,8.100000000000001296e-03,2.439999999999999808e-02,5.829999999999999766e-02,1.166999999999999982e-01,2.686999999999999944e-01,5.196999999999999398e-01
2.580000000000000002e-02,9.769999999999999518e-02,2.171000000000000152e-01,2.523999999999999577e-01,2.007999999999999785e-01,1.193999999999999923e-01,8.680000000000000215e-02
5.400000000000000286e-03,2.580000000000000002e-02,5.969999999999999613e-02,1.125999999999999918e-01,2.021999999999999909e-01,2.550999999999999934e-01,3.392000000000000015e-01
1.247875212478752327e-01,1.614838516148385250e-01,1.641835816418358573e-01,1.166883311668833190e-01,1.478852114788521133e-01,1.424857514248575319e-01,1.424857514248575319e-01
9.256728803494393421e-02,1.434852971623786222e-01,1.758957242901810214e-01,5.357618856373961430e-02,1.854043580353393061e-01,8.743894338921484599e-02,2.616322005242026072e-01
2.076905151871427310e-02,2.399617618739150263e-02,1.453028109401070522e-01,8.361823181444309749e-02,1.229879084800336725e-01,2.302078156033421918e-01,3.731180054559681269e-01
5.900312262859531975e-02,1.520287978947899681e-03,1.635347910322325626e-01,1.864134405850572107e-01,1.556035731289771296e-01,3.321764645048890241e-01,1.017483201413007660e-01
9.025382093567523023e-02,6.955607159073573520e-02,8.958615780673728768e-02,1.605942657328769674e-01,8.912053414697561349e-02,2.479400216412458724e-01,2.529491281457533214e-01
1.310296226788697053e-02,7.562345696808123185e-02,1.217300863812319778e-01,1.004946792104537551e-01,1.074517693628499471e-01,1.133270501653805135e-01,4.682699956441155886e-01
1.286916165073861799e-02,5.966511637480466368e-02,8.191971817615750773e-02,1.290751598255663879e-01,1.687555660960715354e-01,1.901777561162184549e-01,3.575375217604428446e-01
1.188404369187546356e-01,7.118957933113279068e-02,7.348515576028065432e-02,4.035522861844548226e-02,1.182293535743291629e-01,1.553573019331700722e-01,4.225429438638872437e-01
1.820362929958967146e-02,4.426222257550589678e-02,1.405427050041138937e-01,9.302204967162601423e-02,5.899570007695716101e-02,1.159872462978194241e-01,5.289864470743879110e-01
2.158988391025368908e-02,8.312280114112449714e-02,6.891269063460032929e-02,1.674324737517180750e-01,1.568241925823486982e-01,8.041796943792979546e-02,4.216999885420249505e-01
7.374502359951873309e-02,6.278102012613002991e-02,1.306153668496273235e-01,1.175465842821609291e-01,1.784530571805839627e-01,1.089980396525073031e-01,3.278609083094716770e-01
3.208233944007091686e-03,1.028662538025169465e-01,1.311299798549375728e-01,1.565831520767096974e-01,2.808267000460690777e-01,1.020400739657169667e-02,3.151816728791877464e-01
2.986697587895593628e-02,1.758622141592009955e-02,7.306073923344957866e-02,1.102558233943580490e-01,1.288276919139466348e-01,2.594958996435510201e-01,3.809066485198186469e-01
1.263209842561825724e-01,6.711996528118553684e-02,5.354822247512505684e-02,2.422668784993518148e-02,2.214652338259912867e-01,1.093752987608918176e-01,3.979436075506886383e-01
6.502291618330725831e-02,9.272811479392158163e-02,5.222868383604214321e-02,1.050381992428222055e-01,1.192623287900138190e-01,1.521641280844561184e-01,4.135556290694368808e-01
1.579309705715883916e-02,3.868150576138564001e-02,2.457188510769064971e-02,9.151230831175717617e-02,8.596683552383119209e-02,2.509477054493512993e-01,4.925266627888252868e-01
5.450423736611086090e-02,9.145248043414418160e-02,9.851464797723838429e-02,8.280752695169354971e-02,1.696537001590638361e-01,2.946713977025327558e-01,2.083960094092163207e-01
3.299250262611539558e-02,1.078401603253801577e-01,1.343214123991507691e-01,1.057123745207910331e-01,1.531379790252223316e-01,2.335415805412866252e-01,2.324539905620537084e-01
6.838177768069575446e-02,1.383315891430336453e-01,1.966513940522970905e-02,1.834424126525303622e-01,1.287652183737082456e-01,1.950774158535777680e-01,2.663364468912245431e-01
5.034119875844011299e-02,2.034416973643382934e-02,1.627514964495423710e-01,1.158243535865417506e-01,1.724886102640424412e-01,1.104141199951762936e-01,3.678360512098231005e-01
2.651088403113397579e-02,4.679334417943450952e-02,1.467909536962533623e-01,1.103118528118077479e-01,1.714225267950391096e-01,1.864557164786630472e-01,3.117147220076681435e-01
7.831043902020908692e-03,1.672543728795829743e-01,8.452688245777337239e-02,1.664518395105730741e-01,1.650596599379092200e-01,1.369441430380722302e-01,2.719320582740681891e-01
4.303665606356939927e-02,5.277824287420109645e-02,9.615435248578720062e-02,7.136028087073652271e-02,1.051350708199995654e-01,7.958094432198475898e-02,5.519544525637214427e-01
4.200974940938556612e-02,1.198556435028998030e-01,1.064554777304355243e-01,1.790064764958063659e-01,2.473343166096535206e-01,6.758810351719611587e-02,2.377502327346231459e-01
4.168247941228216125e-02,1.446467543552269926e-03,1.677529531311377498e-01,1.924852089064491567e-01,1.951970853310657783e-01,1.519452606228881009e-01,2.494905450526248014e-01
6.953205973343083712e-02,1.540510274369355503e-01,6.154283977244166814e-02,1.487217067696990636e-01,1.735782614084694642e-01,4.197146863074838197e-02,3.506026362482750347e-01
3.218243459768981019e-02,5.776558831159629703e-02,1.045349071709679861e-01,6.164344260947735021e-02,1.224866417436450972e-01,2.189201098470260343e-01,4.024668757195973279e-01
8.458683805625864804e-02,1.226554128659289727e-01,9.378308749185425286e-02,7.141350765980956916e-02,1.289755284259627155e-01,2.048914932073542805e-01,2.936941322928315889e-01
5.415755128205558544e-02,9.951266424471505445e-02,1.035193859981219100e-01,1.692435962168948593e-01,1.675621765653532713e-01,1.889228494440435002e-01,2.170817762488157499e-01
3.621877747271066983e-02,4.880010519670381630e-02,8.765802630574759391e-02,7.028328226792245059e-02,1.522436140732198184e-01,2.466107954715645589e-01,3.581853992121310504e-01
6.154920207524562648e-02,3.820927695045067511e-03,1.566764840214469878e-01,1.730650134313737598e-01,1.589874922240800681e-01,2.049677644146831734e-01,2.409331161381252639e-01
4.744610825245909602e-02,3.679890772841897667e-02,3.871869480641061678e-02,6.119317422155502728e-02,1.696067957918551972e-01,2.839930575506236510e-01,3.622432616486774282e-01
3.908951260273898359e-02,5.891617190583078000e-03,2.598196802612202649e-01,5.049512679699875300e-02,1.074732357086417706e-01,2.394861838207514027e-01,2.977446436190657741e-01
1.800994865427118716e-02,1.289407967563865332e-01,1.851189630277506604e-01,1.226560410373550430e-01,1.903638595905711994e-01,1.963974824825582277e-01,1.585129084511071873e-01
1.427157680904891368e-01,1.114247665667128795e-01,1.789562189565043621e-02,1.837070468809575141e-01,1.614142179883674144e-01,2.754306376443846349e-01,1.074119409334379494e-01
6.853238036041947416e-04,5.910898974598848693e-02,9.496147020421266682e-02,2.314596338052917479e-01,1.358741475159070677e-01,5.459813840571962201e-02,4.233122965192762654e-01
2.844129158441857999e-02,5.302101004632418790e-02,2.944447042893495042e-02,1.667736212095987658e-01,9.749758374663619609e-02,1.951628010529641577e-01,4.296592219311232141e-01
6.318846725095526862e-02,1.770377696633240391e-02,4.714689291791085424e-02,1.313212860021299166e-01,1.969615952539667258e-01,2.171191912726028739e-01,3.265587903361019118e-01
3.920263563553127995e-03,1.126043108677654697e-01,5.073269330873177857e-02,1.083104229482264175e-01,1.157315855806469174e-01,2.337473338808458700e-01,3.749533898502303009e-01
7.104122051017193462e-02,6.353285794531196573e-02,9.915963841014813207e-02,1.029932931372250643e-01,2.025316718334263244e-01,1.912969505431090511e-01,2.694443676206076388e-01
6.476881596681158260e-02,1.878589702973674017e-02,2.635004223302892523e-01,8.609505499396216677e-02,1.392851889454314873e-01,1.836428570099603585e-01,2.439217637238085545e-01
7.607576134782173538e-02,7.207236423450510965e-02,1.053686054985554371e-01,1.409645511446099564e-01,1.948925316076935144e-01,2.057002326975159168e-01,2.049259534692983165e-01
1.796844142380087106e-02,4.468561946202250640e-02,1.270315837634741485e-01,6.442243886898642302e-02,1.139942721427769090e-01,1.603773191557934519e-01,4.715203251831457387e-01
1.765004979772418284e-02,7.686816973720357604e-02,1.626938360272769946e-01,1.642658992025693432e-01,8.008723717580731871e-02,2.184395118070893704e-01,2.799952962523292732e-01
2.467630783610464534e-02,7.625133802907235574e-03,7.857004172594342362e-02,1.401962529503144594e-01,1.912074880095925022e-01,2.902065227443010875e-01,2.675182529308365864e-01
5.171937689206124872e-02,8.430250011482311179e-02,1.130804964684990893e-01,1.003697035476374122e-01,1.203712283644235437e-01,2.054263120194803338e-01,3.247303825930752952e-01
1.352141472445541476e-02,3.979222258640868759e-02,1.262094396573133492e-01,1.773688410796495085e-01,1.513865001621354511e-01,1.644348373572470934e-01,3.272867444327905440e-01
4.106551057163016633e-02,6.933556769922812058e-02,4.193023219652647349e-02,1.706718348575383681e-01,1.579810112763021523e-01,2.426059053823937106e-01,2.764099380163809738e-01
2.024642110993530447e-02,7.841782379950208715e-02,8.532815292344733682e-02,7.966006444425312305e-02,2.041993361858320533e-01,7.101982364514315693e-02,4.611283778918870424e-01
2.307599137668646730e-02,6.620068623113407880e-02,2.356477329067772214e-03,2.167796754158370642e-01,2.184611317440196543e-01,9.958220375423863790e-02,3.735438341490162073e-01
2.319751899562235570e-03,5.046103059830955861e-02,1.826319764820718006e-01,6.901154802272956024e-02,1.826736560913565788e-01,1.355504439213247037e-01,3.773515929846454897e-01
8.136150105796451093e-02,1.973122575577192228e-02,7.903034583388758583e-02,5.202817327139239167e-02,1.212979857479604545e-01,1.707330431413498772e-01,4.758177251916732575e-01
9.270207395722306065e-02,6.087082811974449392e-02,2.559202381401534110e-01,1.542712312672306352e-01,1.329394849117696564e-01,1.318369182687335883e-01,1.714592253351450990e-01
1.144674364414632016e-02,4.591755988515153208e-02,1.733608786480634878e-01,6.270070386668095963e-02,1.154477549026242389e-01,4.721841811835451874e-02,5.439079409349789618e-01
1.252767195489064289e-01,3.755216909056104807e-02,9.313134504368882072e-02,2.384344846553401454e-01,2.054767961265063225e-01,1.044430235346548025e-01,1.956854620003424250e-01
6.009293854433273019e-02,8.084116236632309799e-03,1.099592768420859373e-01,8.877220992343472228e-02,2.070688379446523342e-01,1.825494348978612680e-01,3.434731856110005976e-01
1.096869233816801514e-01,6.598872403225308769e-02,3.886683420673915645e-02,4.758383738864320478e-02,2.073471037193936328e-01,1.450851854860692736e-01,3.854413917852215765e-01
3.060660567299542181e-02,6.102851619308898717e-02,6.974622636782677743e-02,1.276317748897619897e-01,1.523489421848659708e-01,1.362630872811569360e-01,4.223748474103038997e-01
1.385658877779379246e-02,9.386637033934826235e-02,1.994493710387403584e-01,2.533518686801520259e-01,1.505868188141161745e-01,1.293040041148842412e-01,1.595849782349651191e-01
8.907165873125688638e-02,1.735117071983070525e-01,1.068184033684519904e-02,4.937200858760752709e-02,2.597999192544769298e-01,2.274067017889105369e-01,1.901561641025958926e-01
1.878123310453062855e-02,4.738337089065101232e-02,2.769166588004123852e-02,5.255742639390327542e-02,1.343881848106028565e-01,3.089773299105801896e-01,4.102207890096907228e-01
5.860797413212730234e-02,1.898722835526473265e-02,1.628730736115223954e-01,1.496699977379797319e-01,1.655186100809640237e-01,2.028664918644479676e-01,2.414766242176936695e-01
3.931773699753902951e-02,6.892910435033783312e-02,1.183708007236465853e-01,1.097193053798744961e-01,1.401504674407041962e-01,1.502671330786688741e-01,3.732454520292290412e-01
6.377466287719191218e-02,4.969956581356663877e-02,7.396035389047281305e-02,3.383772093291721045e-02,2.372042612488631796e-01,2.665744070191720105e-01,2.749490282178162492e-01
1.061763856630963503e-02,4.398876544689090534e-02,7.879622157005865268e-02,1.544107749299207522e-01,1.295980513660511813e-01,1.574134648855255725e-01,4.251750832352432785e-01
1.689158567263754048e-03,6.742560057176169575e-02,1.440747273010835883e-01,2.049018800093545256e-01,1.929169202244492287e-01,1.621173737925506175e-01,2.268743395335366397e-01
5.656161029667308021e-02,4.297507268410983433e-02,5.862827469733940255e-02,1.529798858895183300e-01,1.464414299855306967e-01,1.719516045121332326e-01,3.704621219346952432e-01
1.129981701693417856e-01,1.169914785700311433e-01,1.044273516024872145e-01,1.592176687040270655e-01,1.631719613201307595e-01,1.028698407855933861e-01,2.403235288483886178e-01
4.202341909540777826e-02,7.789187288662645370e-02,2.621436627738224501e-02,1.132799267922598718e-01,2.171992238393135322e-01,1.783926053641632370e-01,3.449985857448470417e-01
1.964221760705882336e-02,7.266183165166578695e-02,8.677794113755826766e-02,1.881098155794023452e-01,2.131390902015919686e-01,2.242531278475898282e-01,1.954159759751329661e-01
8.303330153267678149e-02,1.666729699093369085e-02,1.762024943011496758e-01,1.514194219932684660e-01,1.346730564444500733e-01,1.721126612470457728e-01,2.658917674904754946e-01
9.598149555635285268e-02,1.816273487113380103e-01,3.721581831774492533e-02,1.279454924182746034e-01,9.904422932627700293e-02,2.386078319878974230e-01,2.195777836821150297e-01
5.802515191758663912e-03,1.375688446074025129e-01,8.994736636212175007e-02,1.324062075593158694e-01,1.761197234003623602e-01,2.080513124122568835e-01,2.501040304667818681e-01
7.874679954266856907e-02,5.720733638462809079e-02,9.065602510989999308e-02,8.296893819591234787e-02,2.155093093513814062e-01,1.516555342521923033e-01,3.232560571633173452e-01
2.768846627539162109e-02,1.296929584877093145e-01,1.853955327926318508e-01,1.141502665248727288e-01,1.945458381382325075e-01,1.969759651542923318e-01,1.515509726268695900e-01
7.657378027230260509e-02,4.445337539677063354e-02,1.433338726422346276e-01,1.588645228096153550e-01,1.566758322165826833e-01,2.260609675675911145e-01,1.940376490949030919e-01
1.967466602619042867e-02,1.177827266062496242e-01,1.316397806527672965e-01,3.837112407632412014e-02,1.374044875625121953e-01,1.167771962421653847e-01,4.383500188337908776e-01
3.106993207451176631e-02,1.414735285224047456e-01,3.936924182353564172e-02,1.478256965621508601e-01,1.118288645617932092e-01,1.498135038097014038e-01,3.786192326459024704e-01
1.047105445985596350e-01,6.807709819690401822e-03,1.824647271800133863e-02,8.749552344454758490e-02,1.481155074113408299e-01,1.978676367141585513e-01,4.367566052937015275e-01
3.626356525211590215e-02,1.240805138991729790e-02,1.839342041697580588e-01,1.004321643557532229e-01,1.942142692545558713e-01,2.233486282107626508e-01,2.493991173671369632e-01
1.109798323746337689e-01,1.175780283008157345e-01,1.804135137007543688e-01,2.276602942380912820e-01,2.101116674537468476e-01,1.478874161617940719e-01,5.369247770164045121e-03
5.254738028227948221e-02,7.606053304042335872e-02,8.903037795384946551e-02,1.945599171273736938e-01,1.578140164821534852e-01,1.200202380550149245e-01,3.099675370589056178e-01
3.732036706613570121e-02,6.740991701141060832e-02,1.449182710015348985e-01,4.736753957230794426e-02,1.347588773703455589e-01,2.871476604380137632e-01,2.810773675402514771e-01
1.675610158613863310e-02,7.551108729232983152e-02,6.848705858298291017e-03,9.781124725147923027e-02,1.345669161287739446e-01,2.352003265772448781e-01,4.333056153057350812e-01
1.138705769963683501e-01,7.548415806790988170e-02,1.814966800961140547e-01,1.103393926621747678e-01,8.393039007759221792e-02,3.551635803092089705e-01,7.971522179063178504e-02
1.012546943659702464e-01,1.584045275003966302e-01,2.936207211058257729e-02,1.434120786573699069e-01,1.414554313126034357e-01,1.508476573983989766e-01,2.752635386546781748e-01
2.980149919254583904e-02,2.890316458683107534e-02,4.207193574943036279e-02,1.475238706653883014e-01,1.711400897559969547e-01,1.681083756407409369e-01,4.124510644090664813e-01
1.004346754476915377e-02,5.459582451543689569e-02,1.108984960863312330e-01,8.590206381420045778e-02,1.746979481248004118e-01,2.553520431938759438e-01,3.085101567205859596e-01
4.518711766490656617e-02,1.205998085557141858e-01,6.644649084026436892e-02,1.286479922566975409e-01,1.085498792112344624e-01,2.349827141325983859e-01,2.955859973385844275e-01
1.326971331933989862e-01,1.915028022382967224e-02,1.482066998757370080e-01,2.675151813481207314e-02,1.626067445521740540e-01,2.473381981726380796e-01,2.632494258474100124e-01
2.544920048229063533e-03,6.107768582097783394e-02,1.193892934681837492e-01,7.711066057736577772e-02,1.595338025432899154e-01,3.088291641576816904e-01,2.715144733842720370e-01
